Webots Project File version R2023b
perspectives: 000000ff00000000fd00000002000000010000033c00000229fc0200000001fb0000001400540065007800740045006400690074006f00720100000016000002290000008700ffffff00000003000007800000019bfc0100000001fb0000001a0043006f006e0073006f006c00650041006c006c0041006c006c0100000000000007800000006900ffffff000004420000022900000001000000020000000100000008fc00000000
simulationViewPerspectives: 000000ff0000000100000002000001db000003f90100000002010000000100
sceneTreePerspectives: 000000ff00000001000000030000001e000000c0000000fa0100000002010000000200
minimizedPerspectives: 000000ff00000000fd000000020000000200000a000000011ffc0100000001fb0000001400540065007800740045006400690074006f0072010000000000000a000000007700ffffff0000000300000a000000015efc0100000001fb0000001a0043006f006e0073006f006c00650041006c006c0041006c006c010000000000000a000000006900ffffff00000a00000002ad00000001000000020000000100000008fc00000000
maximizedDockId: -1
centralWidgetVisible: 1
orthographicViewHeight: 1
textFiles: 0 "controllers/tiago_behavior_tree/tiago_behavior_tree.py" "controllers/tiago_behavior_tree/navigation.py" "controllers/tiago_behavior_tree/planning.py" "controllers/tiago_behavior_tree/mapping.py" "controllers/tiago_behavior_tree/camera.py" "controllers/tiago_behavior_tree/inverse_kinematics.py" "controllers/tiago_behavior_tree/position_arm.py"
consoles: Console:All:All
renderingDevicePerspectives: TIAGo:Astra depth;1;0.210938;0;0
renderingDevicePerspectives: TIAGo:Astra rgb;1;0.402083;0;0
renderingDevicePerspectives: TIAGo:display;1;0.836667;0.00652529;0.424776
